Hit  0
P: ( 0, 0, 0, 0 )
N: ( 0, 0, 0, 0 )
L: ( 0, 0, 0.942809, 0.235702 )
Hit  0
P: ( 0, 0, 0, 0 )
N: ( 0, 0, 0, 0 )
L: ( 0, 0, 0.942809, 0.235702 )
Hit  0
P: ( 0, 0, 0, 0 )
N: ( 0, 0, 0, 0 )
L: ( 0, 0, 0.942809, 0.235702 )
